﻿date;value;Total
2022-02-24;800;800
2022-02-25;1000;1800
2022-02-26;1100;2900
2022-02-27;1000;3900
2022-02-28;1000;4900
2022-03-01;1040;5940
2022-03-02;1060;7000
2022-03-03;1070;8066
2022-03-04;1030;9000
2022-03-05;1000;10000
2022-03-06;1000;11100
2022-03-07;500;11500
2022-03-08;500;12000
2022-03-09;200;12200
2022-03-10;300;12500
2022-03-11;200;12700
2022-03-12;400;13100
2022-03-13;400;13500
2022-03-14;200;13700
2022-03-15;100;13800
2022-03-16;200;14000
2022-03-17;200;14200
2022-03-18;200;14400
2022-03-19;300;14700
2022-03-20;300;15000
2022-03-21;300;15300
2022-03-22;300;15600
2022-03-23;300;15900
2022-03-24;300;16200
2022-03-25;200;16400
2022-03-26;200;16600
2022-03-27;300;16900
2022-03-28;200;17100
2022-03-29;200;17300
2022-03-30;150;17450
2022-03-31;100;17550
2022-04-01;100;17650
2022-04-02;200;17850
2022-04-03;150;18000
2022-04-04;200;18200
2022-04-05;150;18350
2022-04-06;150;18500
2022-04-07;200;18700
2022-04-08;200;18900
2022-04-09;150;19050
2022-04-10;200;19250
2022-04-11;150;18600
2022-04-12;200;19600
2022-04-13;200;19800
2022-04-14;100;19900
2022-04-15;100;20000
2022-04-16;100;20100
2022-04-17;200;20300
2022-04-18;300;20600
2022-04-19;200;20800
2022-04-20;100;20900
2022-04-21;100;21000
2022-04-22;200;21200
2022-04-23;400;21600
2022-04-24;200;21800
2022-04-25;100;21900
2022-04-26;200;22100
2022-04-27;300;22400
2022-04-28;400;22800
2022-04-29;200;23000
2022-04-30;200;23200
2022-05-01;300;23500
2022-05-02;300;23800
2022-05-03;400;24200
2022-05-04;300;24500
2022-05-05;200;24700
2022-05-06;200;24900
2022-05-07;200;25100
2022-05-08;400;25500
2022-05-09;150;25650
2022-05-10;350;26000
2022-05-11;350;26350
2022-05-12;300;26650
2022-05-13;250;26900
2022-05-14;300;27200
2022-05-15;200;27400
2022-05-16;300;27700
2022-05-17;200;27900
2022-05-18;400;28300
2022-05-19;200;28500
2022-05-20;200;28700
2022-05-21;150;28850
2022-05-22;200;29050
2022-05-23;150;29200
2022-05-24;150;29350
2022-05-25;100;29450
2022-05-26;150;29600
2022-05-27;150;29750
2022-05-28;250;30000
2022-05-29;150;30150
2022-05-30;200;30350
2022-05-31;150;30500
2022-06-01;200;30700
2022-06-02;150;30850
2022-06-03;100;30950
2022-06-04;100;31050
2022-06-05;100;31150
2022-06-06;150;31300
2022-06-07;150;31450
2022-06-08;150;31600
2022-06-09;150;31750
2022-06-10;150;31900
2022-06-11;100;32000
2022-06-12;150;32150
2022-06-13;150;32300
2022-06-14;200;32500
2022-06-15;250;32750
2022-06-16;200;32950
2022-06-17;200;33150
2022-06-18;200;33350
2022-06-19;250;33600
2022-06-20;200;33800
2022-06-21;300;34100
2022-06-22;130;34230
2022-06-23;200;34430
2022-06-24;130;34560
2022-06-25;140;34700
2022-06-26;150;34850
2022-06-27;150;35000
2022-06-28;200;35200
2022-06-29;200;35400
2022-06-30;200;35600
2022-07-01;150;35750
2022-07-02;120;35870
2022-07-03;100;35970
2022-07-04;230;35200
2022-07-05;150;36350
2022-07-06;150;36500
2022-07-07;150;36650
2022-07-08;150;36800
2022-07-09;200;37000
2022-07-10;200;37200
2022-07-11;200;37400
2022-07-12;200;37600
2022-07-13;200;37800
2022-07-14;200;38000
2022-07-15;200;38200
2022-07-16;200;38400
2022-07-17;200;38450
2022-07-18;150;38450
2022-07-19;100;38550
2022-07-20;200;38750
2022-07-21;100;38850
2022-07-22;150;39000
2022-07-23;200;39200
2022-07-24;200;39400
2022-07-25;270;39670
2022-07-26;200;39870
2022-07-27;200;40070
2022-07-28;160;40230
2022-07-29;270;40500
2022-07-30;170;40670
2022-07-31;160;40830
2022-08-01;200;41030
2022-08-02;140;41170
2022-08-03;180;41350
2022-08-04;150;41500
2022-08-05;150;41650
2022-08-06;250;41900
2022-08-07;300;42200
2022-08-08;140;42340
2022-08-09;300;42640
2022-08-10;160;42800
2022-08-11;200;43000
2022-08-12;200;43200
2022-08-13;200;43400
2022-08-14;150;43550
2022-08-15;200;43750
2022-08-16;200;43900
2022-08-17;200;44100
2022-08-18;200;44300
2022-08-19;200;44500
2022-08-20;250;44750
2022-08-21;250;45000
2022-08-22;350;45350
2022-08-23;150;45500
2022-08-24;150;45650
2022-08-25;150;45800
2022-08-26;450;46250
2022-08-27;250;46500
2022-08-28;250;46750
2022-08-29;350;47100
2022-08-30;450;47550
2022-08-31;350;47900
2022-09-01;450;48350
2022-09-02;350;48700
2022-09-03;350;49050
2022-09-04;450;49500
2022-09-05;300;49800
2022-09-06;350;50150
2022-09-07;460;50610
2022-09-08;640;51250
2022-09-09;650;51900
2022-09-10;350;52250
2022-09-11;400;52650
2022-09-12;300;52950
2022-09-13;350;53300
2022-09-14;300;53600
2022-09-15;350;53850
2022-09-16;200;54050
2022-09-17;200;54250
2022-09-18;230;54480
2022-09-19;170;54650
2022-09-20;160;54810
2022-09-21;300;55110
2022-09-22;400;55510
2022-09-23;550;56060
2022-09-24;240;56300
2022-09-25;400;56700
2022-09-26;500;57200
2022-09-27;550;57750
2022-09-28;400;58150
2022-09-29;430;58580
2022-09-30;500;59080
2022-10-01;530;59610
2022-10-02;400;60110
2022-10-03;320;60430
2022-10-04;370;60800
2022-10-05;200;61000
2022-10-06;330;61330
2022-10-07;350;61680
2022-10-08;380;32060
2022-10-09;440;62500
2022-10-10;370;62870
2022-10-11;240;63110
2022-10-12;270;63380
2022-10-13;420;36800
2022-10-14;500;64300
2022-10-15;400;64700
2022-10-16;300;65000
2022-10-17;320;65320
2022-10-18;530;35850
2022-10-19;430;66280
2022-10-20;370;66650
2022-10-21;100;66750
2022-10-22;320;67070
2022-10-23;400;67470
2022-10-24;470;67940
2022-10-25;480;68420
2022-10-26;480;68900
2022-10-27;320;69220
2022-10-28;480;69700
2022-10-29;550;70250
2022-10-30;950;71200
2022-10-31;620;71820
2022-11-01;650;72470
2022-11-02;800;73270
2022-11-03;730;74000
2022-11-04;840;74840
2022-11-05;600;75440
2022-11-06;490;75930
2022-11-07;530;76460
2022-11-08;710;77170
2022-11-09;780;77950
2022-11-10;740;78690
2022-11-11;710;79400
2022-11-12;810;80210
2022-11-13;650;80860
2022-11-14;510;81370
2022-11-15;710;82080
2022-11-16;630;82710
2022-11-17;400;63110
2022-11-18;350;83460
2022-11-19;420;83880
2022-11-20;330;84210
2022-11-21;390;84600
2022-11-22;400;85000
2022-11-23;410;85410
2022-11-24;310;85720
2022-11-25;430;86150
2022-11-26;560;86710
2022-11-27;600;87310
2022-11-28;590;87900
2022-11-29;480;88380
2022-11-30;500;88880
2022-12-01;560;89440
2022-12-02;650;90090
2022-12-03;510;90600
2022-12-04;550;91150
2022-12-05;540;91690
2022-12-06;510;92200
2022-12-07;540;92740
2022-12-08;340;93080
2022-12-09;310;93390
2022-12-10;360;93750
2022-12-11;390;94140
2022-12-12;620;94760
2022-12-13;500;95260
2022-12-14;740;96000
2022-12-15;590;96590
2022-12-16;680;97270
2022-12-17;420;97690
2022-12-18;590;98280
2022-12-19;520;98800
2022-12-20;430;99230
2022-12-21;510;99740
2022-12-22;660;100400
2022-12-23;400;100950
2022-12-24;480;101430
2022-12-25;620;102050
2022-12-26;550;102600
2022-12-27;620;103220
2022-12-28;550;103770
2022-12-29;790;104560
2022-12-30;690;105250
2022-12-31;710;105960
2023-01-01;760;106720
2023-01-02;720;107440
2023-01-03;750;108190
2023-01-04;720;108910
2023-01-05;810;109720
2023-01-06;530;110250
2023-01-07;490;110740
2023-01-08;430;111170
2023-01-09;590;111760
2023-01-10;710;112470
2023-01-11;490;112960
2023-01-12;430;113990
2023-01-13;740;114130
2023-01-14;530;114660
2023-01-15;630;115290
2023-01-16;790;116080
2023-01-17;870;116950
2023-01-18;820;117770
2023-01-19;760;118530
2023-01-20;770;119330
2023-01-21;860;120160
2023-01-22;600;120760
2023-01-23;720;121480
2023-01-24;690;122170
2023-01-25;910;123080
2023-01-26;780;123860
2023-01-27;850;124710
2023-01-28;800;125510
2023-01-29;650;126160
2023-01-30;490;126650
2023-01-31;850;127500
2023-02-01;920;128420
2023-02-02;610;129030
2023-02-03;840;129870
2023-02-04;720;130590
2023-02-05;700;131290
2023-02-06;870;132160
2023-02-07;1030;133190
2023-02-08;910;134100
2023-02-09;910;135010
2023-02-10;730;165740
2023-02-11;1140;136880
2023-02-12;900;137780
2023-02-13;560;138340
2023-02-14;740;139080
2023-02-15;690;139770
2023-02-16;690;140460
2023-02-17;800;141260
2023-02-18;1010;142270
2023-02-19;590;142860
2023-02-20;820;143680
2023-02-21;760;144440
2023-02-22;620;145060
2023-02-23;790;145850
2023-02-24;970;146820
